# HERE API Configuration  
HERE_API_KEY=2vNl00nRnSmgPP3iUT69Z2R_2R2IuBZoVHUtdaunH88
HERE_API_DAILY_LIMIT=2400
HERE_API_HOURLY_LIMIT=120
HERE_API_PER_USER_DAILY_LIMIT=100
HERE_INITIAL_BBOX=-0.1915401096720512,51.500385727190164,-0.07390591663719842,51.53216941246397

